# Blender v2.78 (sub 0) OBJ File: 'tree.blend'
# www.blender.org
mtllib tree.mtl
o Cube.016_Cube.019
v 0.296504 -0.153439 0.014639
v 0.303809 -0.111786 0.014639
v 0.296504 -0.153439 -0.035079
v 0.303809 -0.111786 -0.035079
v 0.569170 -0.201255 0.014639
v 0.576475 -0.159602 0.014639
v 0.569170 -0.201255 -0.035079
v 0.576475 -0.159602 -0.035079
vn -0.9850 0.1727 0.0000
vn -0.0000 0.0000 -1.0000
vn 0.9850 -0.1727 0.0000
vn 0.0000 -0.0000 1.0000
vn -0.1727 -0.9850 0.0000
vn 0.1727 0.9850 0.0000
usemtl None
s off
f 1//1 2//1 4//1 3//1
f 3//2 4//2 8//2 7//2
f 7//3 8//3 6//3 5//3
f 5//4 6//4 2//4 1//4
f 3//5 7//5 5//5 1//5
f 8//6 4//6 2//6 6//6
o Cube.015_Cube.018
v -0.593552 -0.109161 0.014639
v -0.589517 -0.067066 0.014639
v -0.593552 -0.109161 -0.035079
v -0.589517 -0.067066 -0.035079
v -0.317988 -0.135574 0.014639
v -0.313954 -0.093479 0.014639
v -0.317988 -0.135574 -0.035079
v -0.313954 -0.093479 -0.035079
vn -0.9954 0.0954 0.0000
vn -0.0000 0.0000 -1.0000
vn 0.9954 -0.0954 0.0000
vn 0.0000 -0.0000 1.0000
vn -0.0954 -0.9954 0.0000
vn 0.0954 0.9954 0.0000
usemtl None
s off
f 9//7 10//7 12//7 11//7
f 11//8 12//8 16//8 15//8
f 15//9 16//9 14//9 13//9
f 13//10 14//10 10//10 9//10
f 11//11 15//11 13//11 9//11
f 16//12 12//12 10//12 14//12
o Cube.014_Cube.017
v 0.233622 0.257427 0.014639
v 0.193628 0.243684 0.014639
v 0.233622 0.257427 -0.035079
v 0.193628 0.243684 -0.035079
v 0.143659 0.519227 0.014639
v 0.103666 0.505484 0.014639
v 0.143659 0.519227 -0.035079
v 0.103666 0.505484 -0.035079
vn 0.3250 -0.9457 0.0000
vn 0.0000 0.0000 -1.0000
vn -0.3250 0.9457 0.0000
vn -0.0000 -0.0000 1.0000
vn 0.9457 0.3250 0.0000
vn -0.9457 -0.3250 0.0000
usemtl None
s off
f 17//13 18//13 20//13 19//13
f 19//14 20//14 24//14 23//14
f 23//15 24//15 22//15 21//15
f 21//16 22//16 18//16 17//16
f 19//17 23//17 21//17 17//17
f 24//18 20//18 18//18 22//18
o Cube.013_Cube.016
v -0.155366 0.527996 0.014639
v -0.116287 0.511835 0.014639
v -0.155366 0.527996 -0.035079
v -0.116287 0.511835 -0.035079
v -0.261159 0.272182 0.014639
v -0.222080 0.256021 0.014639
v -0.261159 0.272182 -0.035079
v -0.222080 0.256021 -0.035079
vn 0.3822 0.9241 0.0000
vn -0.0000 0.0000 -1.0000
vn -0.3822 -0.9241 0.0000
vn 0.0000 -0.0000 1.0000
vn -0.9241 0.3822 0.0000
vn 0.9241 -0.3822 -0.0000
usemtl None
s off
f 25//19 26//19 28//19 27//19
f 27//20 28//20 32//20 31//20
f 31//21 32//21 30//21 29//21
f 29//22 30//22 26//22 25//22
f 27//23 31//23 29//23 25//23
f 32//24 28//24 26//24 30//24
o Cube.012_Cube.015
v -0.480271 0.127163 0.014639
v -0.446543 0.152674 0.014639
v -0.480271 0.127163 -0.035079
v -0.446543 0.152674 -0.035079
v -0.313276 -0.093621 0.014639
v -0.279548 -0.068111 0.014639
v -0.313276 -0.093621 -0.035079
v -0.279548 -0.068111 -0.035079
vn -0.6032 0.7976 0.0000
vn -0.0000 0.0000 -1.0000
vn 0.6032 -0.7976 0.0000
vn 0.0000 -0.0000 1.0000
vn -0.7976 -0.6032 0.0000
vn 0.7976 0.6032 0.0000
usemtl None
s off
f 33//25 34//25 36//25 35//25
f 35//26 36//26 40//26 39//26
f 39//27 40//27 38//27 37//27
f 37//28 38//28 34//28 33//28
f 35//29 39//29 37//29 33//29
f 40//30 36//30 34//30 38//30
o Cube.011_Cube.014
v -0.506725 0.401688 0.014639
v -0.480131 0.434568 0.014639
v -0.506725 0.401688 -0.035079
v -0.480131 0.434568 -0.035079
v -0.291485 0.227604 0.014639
v -0.264892 0.260485 0.014639
v -0.291485 0.227604 -0.035079
v -0.264892 0.260485 -0.035079
vn -0.7775 0.6289 0.0000
vn -0.0000 0.0000 -1.0000
vn 0.7775 -0.6289 0.0000
vn 0.0000 -0.0000 1.0000
vn -0.6289 -0.7775 0.0000
vn 0.6289 0.7775 0.0000
usemtl None
s off
f 41//31 42//31 44//31 43//31
f 43//32 44//32 48//32 47//32
f 47//33 48//33 46//33 45//33
f 45//34 46//34 42//34 41//34
f 43//35 47//35 45//35 41//35
f 48//36 44//36 42//36 46//36
o Cube.010_Cube.013
v 0.298565 -0.105489 0.014639
v 0.269431 -0.074837 0.014639
v 0.298565 -0.105489 -0.035079
v 0.269431 -0.074837 -0.035079
v 0.499216 0.085225 0.014639
v 0.470082 0.115878 0.014639
v 0.499216 0.085225 -0.035079
v 0.470082 0.115878 -0.035079
vn -0.7248 -0.6889 0.0000
vn 0.0000 0.0000 -1.0000
vn 0.7248 0.6889 0.0000
vn -0.0000 -0.0000 1.0000
vn 0.6889 -0.7248 0.0000
vn -0.6889 0.7248 0.0000
usemtl None
s off
f 49//37 50//37 52//37 51//37
f 51//38 52//38 56//38 55//38
f 55//39 56//39 54//39 53//39
f 53//40 54//40 50//40 49//40
f 51//41 55//41 53//41 49//41
f 56//42 52//42 50//42 54//42
o Cube.009_Cube.012
v 0.277655 0.208406 0.014639
v 0.251173 0.241377 0.014639
v 0.277655 0.208406 -0.035079
v 0.251173 0.241377 -0.035079
v 0.493482 0.381761 0.014639
v 0.467000 0.414731 0.014639
v 0.493482 0.381761 -0.035079
v 0.467000 0.414731 -0.035079
vn -0.7796 -0.6262 0.0000
vn 0.0000 0.0000 -1.0000
vn 0.7796 0.6262 0.0000
vn -0.0000 -0.0000 1.0000
vn 0.6262 -0.7796 0.0000
vn -0.6262 0.7796 0.0000
usemtl None
s off
f 57//43 58//43 60//43 59//43
f 59//44 60//44 64//44 63//44
f 63//45 64//45 62//45 61//45
f 61//46 62//46 58//46 57//46
f 59//47 63//47 61//47 57//47
f 64//48 60//48 58//48 62//48
o Cube.008_Cube.011
v 0.016968 -0.532996 -0.034845
v 0.016968 -0.532996 0.014873
v -0.032750 -0.532996 0.014873
v -0.032750 -0.532996 -0.034845
v 0.016968 -0.302249 -0.034845
v 0.016968 -0.302249 0.014873
v -0.032750 -0.302249 0.014873
v -0.032750 -0.302249 -0.034845
vn 0.0000 -1.0000 0.0000
vn 0.0000 1.0000 0.0000
vn 1.0000 0.0000 0.0000
vn -0.0000 -0.0000 1.0000
vn -1.0000 -0.0000 -0.0000
vn 0.0000 0.0000 -1.0000
usemtl Material
s off
f 65//49 66//49 67//49 68//49
f 69//50 72//50 71//50 70//50
f 65//51 69//51 70//51 66//51
f 66//52 70//52 71//52 67//52
f 67//53 71//53 72//53 68//53
f 69//54 65//54 68//54 72//54
o Cube.007_Cube.010
v -0.032405 0.097547 0.014639
v -0.032405 0.226458 0.014639
v -0.032405 0.097547 -0.035079
v -0.032405 0.226458 -0.035079
v 0.017313 0.097547 0.014639
v 0.017313 0.226458 0.014639
v 0.017313 0.097547 -0.035079
v 0.017313 0.226458 -0.035079
vn -1.0000 0.0000 0.0000
vn 0.0000 0.0000 -1.0000
vn 1.0000 0.0000 0.0000
vn 0.0000 0.0000 1.0000
vn 0.0000 -1.0000 0.0000
vn 0.0000 1.0000 0.0000
usemtl None
s off
f 73//55 74//55 76//55 75//55
f 75//56 76//56 80//56 79//56
f 79//57 80//57 78//57 77//57
f 77//58 78//58 74//58 73//58
f 75//59 79//59 77//59 73//59
f 80//60 76//60 74//60 78//60
o Cube.006_Cube.009
v -0.299352 -0.117039 0.014639
v -0.278207 -0.080416 0.014639
v -0.299352 -0.117039 -0.035079
v -0.278207 -0.080416 -0.035079
v -0.059613 -0.255452 0.014639
v -0.038468 -0.218829 0.014639
v -0.059613 -0.255452 -0.035079
v -0.038468 -0.218829 -0.035079
vn -0.8660 0.5000 0.0000
vn 0.0000 0.0000 -1.0000
vn 0.8660 -0.5000 0.0000
vn 0.0000 -0.0000 1.0000
vn -0.5000 -0.8660 0.0000
vn 0.5000 0.8660 0.0000
usemtl None
s off
f 81//61 82//61 84//61 83//61
f 83//62 84//62 88//62 87//62
f 87//63 88//63 86//63 85//63
f 85//64 86//64 82//64 81//64
f 83//65 87//65 85//65 81//65
f 88//66 84//66 82//66 86//66
o Cube.005_Cube.008
v -0.260253 0.223209 0.014639
v -0.228996 0.251693 0.014639
v -0.260253 0.223209 -0.035079
v -0.228996 0.251693 -0.035079
v -0.073795 0.018597 0.014639
v -0.042538 0.047081 0.014639
v -0.073795 0.018597 -0.035079
v -0.042538 0.047081 -0.035079
vn -0.6736 0.7391 0.0000
vn -0.0000 0.0000 -1.0000
vn 0.6736 -0.7391 0.0000
vn 0.0000 -0.0000 1.0000
vn -0.7391 -0.6736 0.0000
vn 0.7391 0.6736 0.0000
usemtl None
s off
f 89//67 90//67 92//67 91//67
f 91//68 92//68 96//68 95//68
f 95//69 96//69 94//69 93//69
f 93//70 94//70 90//70 89//70
f 91//71 95//71 93//71 89//71
f 96//72 92//72 90//72 94//72
o Cube.004_Cube.007
v 0.057604 0.011462 0.014639
v 0.026434 0.040042 0.014639
v 0.057604 0.011462 -0.035079
v 0.026434 0.040042 -0.035079
v 0.244690 0.215501 0.014639
v 0.213520 0.244081 0.014639
v 0.244690 0.215501 -0.035079
v 0.213520 0.244081 -0.035079
vn -0.6758 -0.7371 0.0000
vn 0.0000 0.0000 -1.0000
vn 0.6758 0.7371 0.0000
vn -0.0000 -0.0000 1.0000
vn 0.7371 -0.6758 0.0000
vn -0.7371 0.6758 0.0000
usemtl None
s off
f 97//73 98//73 100//73 99//73
f 99//74 100//74 104//74 103//74
f 103//75 104//75 102//75 101//75
f 101//76 102//76 98//76 97//76
f 99//77 103//77 101//77 97//77
f 104//78 100//78 98//78 102//78
o Cube.003_Cube.006
v 0.045351 -0.257691 0.014639
v 0.024207 -0.221068 0.014639
v 0.045351 -0.257691 -0.035079
v 0.024207 -0.221068 -0.035079
v 0.285090 -0.119278 0.014639
v 0.263946 -0.082654 0.014639
v 0.285090 -0.119278 -0.035079
v 0.263946 -0.082654 -0.035079
vn -0.8660 -0.5000 0.0000
vn 0.0000 0.0000 -1.0000
vn 0.8660 0.5000 0.0000
vn -0.0000 -0.0000 1.0000
vn 0.5000 -0.8660 0.0000
vn -0.5000 0.8660 0.0000
usemtl None
s off
f 105//79 106//79 108//79 107//79
f 107//80 108//80 112//80 111//80
f 111//81 112//81 110//81 109//81
f 109//82 110//82 106//82 105//82
f 107//83 111//83 109//83 105//83
f 112//84 108//84 106//84 110//84
o Cube.002
v -0.032873 -0.039322 0.014639
v -0.032873 0.089588 0.014639
v -0.032873 -0.039322 -0.035079
v -0.032873 0.089588 -0.035079
v 0.016845 -0.039322 0.014639
v 0.016845 0.089588 0.014639
v 0.016845 -0.039322 -0.035079
v 0.016845 0.089588 -0.035079
vn -1.0000 0.0000 0.0000
vn 0.0000 0.0000 -1.0000
vn 1.0000 0.0000 0.0000
vn 0.0000 0.0000 1.0000
vn 0.0000 -1.0000 0.0000
vn 0.0000 1.0000 0.0000
usemtl None
s off
f 113//85 114//85 116//85 115//85
f 115//86 116//86 120//86 119//86
f 119//87 120//87 118//87 117//87
f 117//88 118//88 114//88 113//88
f 115//89 119//89 117//89 113//89
f 120//90 116//90 114//90 118//90
o Cube.001
v -0.032848 -0.041791 0.014639
v -0.032848 -0.160005 0.014639
v -0.032848 -0.041791 -0.035079
v -0.032848 -0.160005 -0.035079
v 0.016870 -0.041791 0.014639
v 0.016870 -0.160005 0.014639
v 0.016870 -0.041791 -0.035079
v 0.016870 -0.160005 -0.035079
vn 1.0000 0.0000 0.0000
vn 0.0000 0.0000 1.0000
vn -1.0000 0.0000 0.0000
vn 0.0000 0.0000 -1.0000
vn 0.0000 -1.0000 0.0000
vn 0.0000 1.0000 0.0000
usemtl None
s off
f 121//91 122//91 124//91 123//91
f 123//92 124//92 128//92 127//92
f 127//93 128//93 126//93 125//93
f 125//94 126//94 122//94 121//94
f 123//95 127//95 125//95 121//95
f 128//96 124//96 122//96 126//96
o Cube
v 0.016968 -0.290322 -0.034845
v 0.016968 -0.290322 0.014873
v -0.032750 -0.290322 0.014873
v -0.032750 -0.290322 -0.034845
v 0.016968 -0.162806 -0.034845
v 0.016968 -0.162806 0.014873
v -0.032750 -0.162806 0.014873
v -0.032750 -0.162806 -0.034845
vn 0.0000 -1.0000 0.0000
vn 0.0000 1.0000 -0.0000
vn 1.0000 0.0000 0.0000
vn -0.0000 -0.0000 1.0000
vn -1.0000 -0.0000 -0.0000
vn 0.0000 0.0000 -1.0000
usemtl Material
s off
f 129//97 130//97 131//97 132//97
f 133//98 136//98 135//98 134//98
f 129//99 133//99 134//99 130//99
f 130//100 134//100 135//100 131//100
f 131//101 135//101 136//101 132//101
f 133//102 129//102 132//102 136//102
